http://codejam.airpr.com/poll
2014-07-25
22425
254130
38880
653489
660405
492
662970
649380
703143
661227
10766
19549
14623
700848
672874
9300
635242
677309
335999
245416
780230
308297
453113
339355
650977
245587
30513
19028
643474
18999
6055
47096
27455
656368
644560
331185
410013
649338
694525
320526
658311
27685
672944
45026
275073
29189
787770
15534
275071
277038
275074
271475
238880
14967
671969
641992
39180
22429
40472
703011
639494
35102
644588
522410
14459
318332
9597
270593
779105
417081
14528
694440
540013
642992
776167
776111
672625
655155
12881
318551
31321
499477
655176
661856
650890
643473
639208
20922
661032
544373
779892
46310
787133
3001
674732
29214
276945
790562
13154
672853
