http://codejam.airpr.com/poll
2014-07-18
22425
254130
38880
653489
660405
492
662970
649380
703143
661227
10766
19549
14623
700848
672874
9300
635242
677309
335999
245416
780230
308297
453113
339355
650977
245587
30513
19028
643474
18999
6055
47096
27455
656368
644560
331185
410013
649338
694525
320526
658311
27685
672944
45026
275073
29189
787770
15534
275071
277038
275074
271475
238880
14967
671969
641992
39180
22429
40472
703011
639494
35102
644588
522410
14459
318332
9597
270593
779105
417081
14528
694440
540013
642992
776167
776111
672625
655155
12881
318551
31321
499477
655176
661856
650890
643473
639208
20922
661032
544373
779892
46310
787133
3001
674732
29214
276945
790562
13154
672853
785484
770567
10517
25901
657896
784265
313172
298652
330796
664216
45598
46478
666614
689681
275079
9917
757458
641241
14642
639103
640510
674991
41523
775391
303815
635881
672631
643487
21885
681247
29396
10720
775113
269296
502763
663505
248113
14695
20796
237232
46159
19605
496
299893
702110
409032
31163
289468
6046
654333
47097
29213
9867
246428
412852
656531
9033
246939
22984
645794
19086
779723
653421
752267
18126
661930
641625
820423
31548
409954
340516
3054
755776
270559
660429
756790
653416
762576
649355
643059
688134
289580
634594
658332
523239
312646
8445
647340
703126
646344
703100
644802
28449
14781
34525
643467
244869
646325
290163
16542
672417
132
649010
302365
45417
22662
296206
784218
687497
248089
694532
249274
757356
301648
655931
42909
1940
410558
655405
31194
26421
684694
653417
346566
657145
113
649263
16557
17023
14423
755099
26844
635847
249302
248124
657140
45541
12637
703053
663903
19433
651499
780058
653201
757875
641842
702210
776207
647294
631684
27470
629425
11819
246608
688911
38440
689671
544360
294531
758093
650906
673437
652767
674914
703051
413414
87
767528
658298
760602
657311
29881
294535
98
249307
649204
13357
288257
757402
25320
672023
325920
296322
33860
409133
778696
33669
538
31828
657858
299043
673020
236501
28904
692050
648932
18124
337151
270558
244767
673484
700064
13818
25597
9601
550
97
663625
27331
666517
674829
290004
318988
647480
248832
757645
20534
31217
246016
246639
46750
631369
639288
411071
771759
644946
656616
16858
647475
778700
672326
39456
45287
27501
676427
700904
655074
753572
791560
19539
105
277234
664702
672847
657948
671974
9595
640554
633634
642727
14641
643480
656360
296310
655114
643475
650821
787611
672141
761049
412538
9876
19417
310298
673113
270578
639193
9567
658416
656030
317627
784930
299042
635858
822099
20
644844
275892
754918
672418
3004
652754
760659
332422
45961
27222
651775
655735
3005
779644
674734
656181
29732
9830
648093
635931
35599
235896
37103
246348
644388
9168
793287
643481
761026
13705
293858
653426
666554
9599
319228
277798
248741
694451
649257
660060
646327
29729
8920
656180
657902
700675
654367
246976
302763
37707
684007
9939
34118
275064
14748
409241
674104
781991
673334
642908
326385
702425
671954
703045
672347
246598
702050
16851
649075
645502
673297
11736
293929
22656
645189
673904
214
37104
277890
410237
790618
308301
409049
493278
648449
655195
786707
10119
674105
289134
21869
20801
683751
694449
785483
660323
323356
318301
3009
704931
673033
45723
19338
672738
645613
289923
247147
22718
650984
27018
673680
644730
686561
650983
655129
761022
674100
11795
771640
641892
33547
321067
312479
663753
288569
23443
9531
37842
700598
25608
655238
687718
289583
681248
32534
644825
635119
689634
762126
460078
303765
684425
302679
301973
673845
27742
12625
757475
635403
646005
20305
656059
14696
310085
674248
4122
757358
639406
19994
245858
9808
756539
289127
544292
294565
16162
656105
653100
647188
664633
757112
30435
658134
488292
27461
761404
658951
36113
646001
6721
655118
27312
655175
660300
779650
6027
638860
761062
316899
673693
242666
21258
790383
409467
317283
672850
664465
34607
10113
13371
649483
9235
345049
656575
26675
757094
650657
34376
463059
674172
639289
11743
277841
12249
12681
19472
322527
654770
656709
12748
674477
650392
674566
638890
15699
644785
661942
22635
20819
672219
300977
36624
16062
38573
672954
649105
29389
278439
797487
649064
654772
643057
9814
298546
345240
645114
646277
694212
313685
652751
39205
410411
689607
21714
735868
666082
246919
18615
415270
31418
642618
744
674269
2617
638851
644563
409980
36903
14480
648029
18379
21781
664627
34606
672911
19454
93
656882
9008
761956
652771
409294
246355
643786
643072
775115
688032
637158
672240
4147
22278
673984
246612
302417
246980
236942
774174
652166
350004
654361
277218
694231
651982
45582
820427
26426
27808
771396
674961
638514
238254
648369
651239
644849
22623
648279
677310
646694
315004
248047
644993
245649
659281
320157
343280
294897
15217
673848
631726
703142
672825
345014
296000
22850
633006
29616
22604
645120
99
770532
26201
784216
38640
635846
11348
14402
327000
26304
37452
9445
246207
703118
757400
778845
409904
37173
30257
11753
30457
13260
15737
17307
657306
242169
673171
246001
668652
244766
655404
776171
275095
37137
672356
36442
29718
772709
632330
757080
673574
763893
654853
753860
14613
18661
688658
25799
683765
656763
299339
17933
642563
687743
676717
9327
655135
653689
14558
16716
661916
574
10003
238238
661931
659525
647276
26548
237873
2944
672198
37091
646896
689657
8135
468415
643472
673114
438236
17506
454042
248460
646749
26072
790411
32569
271484
651238
684009
10011
246998
298251
544183
333899
694218
644868
23019
43960
34938
307794
766989
515747
308382
672143
18338
270609
14820
656507
335159
41482
247752
23398
631852
35543
45688
38053
644515
21668
7416
32085
657937
657211
797476
598
329320
45053
682637
6062
44687
22
355
672338
653475
687856
463970
412107
688918
672624
773585
643400
444707
784266
766407
650227
236502
644769
645256
271458
649164
655140
650882
656211
658625
245575
418332
348014
661917
647329
659593
702128
645493
343839
247362
703168
666635
8530
703073
9410
659793
246008
323919
320291
24563
208
656424
655196
629852
15126
644811
699829
510513
277226
653122
10177
303373
652774
667844
303804
40419
664917
37119
772578
13704
672830
33849
778930
294600
780384
321232
275462
36888
655916
636077
17486
38210
22569
544367
10372
34375
45942
275084
657863
666226
674338
47446
638884
656125
18907
672896
38004
9234
650981
14406
18616
639315
12707
778558
686741
15151
18123
300976
44566
648448
649058
247360
454055
645503
700594
22911
411362
412221
655076
328355
757113
656170
755797
477535
645983
657239
29203
254135
30447
337445
248538
410877
489602
45583
245701
674237
278284
5863
9926
275893
270571
246667
674838
239859
756799
10695
246983
38926
673439
311790
410300
673656
646653
245577
18660
643504
654347
635967
37523
